0.28
0.37
0.35
0.36
0.26
0.25
0.25
0.29
0.31
0.36
0.35
0.37
0.36
0.38
0.38
0.38
0.35
0.35
0.35
0.37
0.33
0.37
0.36
0.37
0.38
0.38
0.41
0.43
0.42
0.42
0.43
0.42
0.42
0.42
0.41
0.41
0.36
0.39
0.26
0.31
0.3
0.28
0.31
0.28
0.26
0.27
0.26
0.29
0.29
0.29
0.25
0.33
0.3
0.3
0.29
0.3
0.28
0.31
0.29
0.3
0.27
0.3
0.32
0.31
0.26
0.33
0.32
0.33
0.31
0.31
0.34
0.3
0.29
0.36
0.3
0.35
0.31
0.32
0.28
0.32
0.36
0.31
0.33
0.33
0.24 SLEEPY
0.32
0.3
0.35
0.36
0.37
0.36
0.32
0.37
0.33
0.29
0.34
0.29
0.33
0.32
0.34
0.29
0.36
0.38
0.36
0.39
0.39
0.33
0.27
0.31
0.39
0.33
0.33
0.32
0.36
0.38
0.37
0.4
0.37
0.29
0.31
0.33
0.36
0.35
0.38
0.41
0.45
0.42
0.37
0.37
0.34
0.35
0.37
0.36
0.35
0.36
0.37
0.39
0.38
0.36
0.32
0.31
0.39
0.35
0.36
0.36
0.36
0.4
0.36
0.39
0.38
0.41
0.35
0.33
0.33
0.31
0.33
0.36
0.32
0.32
0.29
0.35
0.35
0.35
0.32
0.28
0.28
0.3
0.37
0.43
0.46
0.43
0.46
0.47
0.5
0.43
0.44
0.44
0.45
0.48
0.41
0.43
0.43
0.45
0.43
0.41
0.42
0.41
0.43
0.45
0.43
0.44
0.44
0.43
0.43
0.43
0.42
0.45
0.44
0.44
0.44
0.42
0.44
0.43
0.43
0.42
0.36
0.29
0.31
0.35
0.34
0.34
0.35
0.34
0.34
0.34
0.34
0.36
0.35
0.38
0.34
0.39
0.4
0.33
0.39
0.38
0.37
0.37
0.36
0.37
0.38
0.36
0.39
0.37
0.35
0.37
0.37
0.36
0.35
0.36
0.35
0.34
0.39
0.34
0.39
0.33
0.37
0.35
0.38
0.35
0.36
0.36
0.36
0.29
0.37
0.36
0.37
0.39
0.38
0.37
0.37
0.34
0.23 SLEEPY
0.21 SLEEPY
0.19 SLEEPY
0.26
0.27
0.37
0.25
0.36
0.39
0.38
0.35
0.36
0.37
0.36
0.37
0.36
0.36
0.36
0.32
0.26
